33.973951
33.950514
33.949164
33.786594
33.786594
33.786594
33.786594
33.786594
33.786594
33.786594
33.989264
33.786594
33.786594
33.786594
33.786594
33.786594
33.786594
33.786594
33.786594
33.786594
33.786594
33.896564
34.008262
33.786594
33.786594
33.786594
33.786594
34.014613
33.786594
33.786594
33.786594
33.786594
33.786594
33.786594
33.786594
33.786594
33.786594
33.786594
33.786594
33.990863
33.786594
33.786594
33.786594
33.938108
33.786594
33.786594
33.786594
33.786594
33.786594
33.786594
33.786594
33.786594
33.786594
33.786594
33.786594
33.786594
33.786594
33.999433
33.921065
33.786594
33.920965
33.786594
33.786594
33.786594
33.786594
33.786594
33.786594
33.786594
33.786594
33.786594
33.786594
33.786594
33.786594
33.786594
33.786594
33.786594
33.786594
33.786594
33.786594
33.786594
33.786594
33.786594
33.786594
33.786594
33.786594
33.786594
33.786594
33.786594
33.786594
33.786594
33.786594
33.786594
33.786594
33.786594
33.786594
33.786594
33.786594
33.786594
33.786594
33.786594
33.976663
33.786594
33.786594
33.786594
33.786594
33.786594
33.786594
33.874815
33.879565
33.909915
33.786594
33.786594
33.786594
33.786594
33.786594
33.786594
33.786594
33.946363
33.939164
33.922714
33.786594
33.888315
33.877165
33.858866
33.786594
33.786594
33.786594
33.977987
33.786594
33.786594
33.924538
33.786594
33.786594
33.786594
33.786594
33.786594
33.988463
33.786594
33.786594
33.786594
33.786594
33.987613
33.937714
33.786594
33.786594
33.786594
33.786594
33.786594
33.786594
33.786594
33.786594
33.786594
33.786594
33.786594
33.786594
33.786594
33.786594
33.786594
33.786594
33.786594
33.786594
33.786594
33.786594
33.786594
33.786594
33.786594
33.786594
33.786594
33.786594
33.786594
33.786594
33.786594
33.786594
33.786594
33.786594
33.786594
33.835665
33.833816
33.786594
33.786594
33.786594
33.786594
33.786594
33.786594
33.786594
33.786594
34.004311
33.971839
33.947372
33.932663
33.944312
33.967162
33.786594
33.786594
33.786594
33.786594
33.786594
33.640302
33.640302
33.640302
33.640302
33.640302
33.640302
33.640302
33.640302
33.640302
33.786594
33.900863
33.905813
33.786594
33.906763
33.786594
33.786594
33.786594
33.985812
33.786594
33.786594
33.786594
33.927063
33.786594
33.640302
33.865395
33.786594
33.866914
33.786594
33.888014
33.786594
33.791267
33.786594
33.845624
33.850465
33.851215
33.840565
33.830967
33.786594
33.640302
33.640302
33.899015
33.753088
33.786594
33.786594
33.786594
33.640302
33.640302
33.640302
33.779417
33.813317
33.859716
33.867138
33.786594
33.786594
33.804309
33.756024
33.759885
33.785666
33.838815
33.795016
33.831466
33.800266
33.786594
33.819266
33.780017
33.771301
33.793516
33.792666
33.767817
33.786594
33.767817
33.767817
33.767817
33.784266
33.786594
33.786594
33.786594
33.824918
33.786594
33.786594
33.786594
33.786594

33.786594
33.786594
33.786594
33.786594
33.786594
33.786594
33.786594
33.786594
33.786594
33.786594
33.786594
33.786594
33.786594
33.786594
33.786594
33.786594
33.786594
33.786594
33.786594
33.786594
33.786594
33.786594
33.786594
33.786594
33.786594
33.786594
33.786594
33.786594
33.786594
33.786594
33.786594
33.786594
33.786594
33.786594
33.786594
33.786594
33.786594
33.786594
33.786594
33.786594
33.786594
33.786594
33.786594
33.786594
33.786594
33.786594
33.786594
33.786594
33.786594
33.786594
33.786594
33.786594
33.786594
33.786594
33.786594
33.786594
33.786594
33.786594
33.786594
33.786594
33.786594
33.786594
33.786594
33.786594
33.786594
33.786594
33.786594
33.786594
33.786594
33.786594
33.786594
33.786594
33.786594
33.786594
33.786594
33.786594
33.786594
33.786594
33.786594
33.786594
33.786594
33.786594
33.786594
33.786594
33.786594
33.786594
33.786594
34.032383
34.175921
33.786594
33.786594
33.786594
33.786594
33.786594
33.786594
33.786594
33.786594
33.786594
33.786594
33.786594
33.786594
33.786594
33.786594
33.786594
33.786594
33.786594
33.786594
33.786594
33.786594
33.786594
33.786594
33.786594
33.786594
33.786594
33.786594
33.786594
33.786594
33.786594
34.032383
34.032383
34.213403
34.141783
34.194756
33.786594
33.786594
33.786594
33.786594
33.786594
33.786594
33.786594
34.032383
33.786594
33.786594
33.786594
33.786594
33.786594
33.786594
33.786594

33.786594

33.786594
33.786594
33.786594
33.786594
33.786594
33.786594
33.786594
33.786594
33.786594
33.786594
33.786594
33.786594
33.786594
33.786594
33.786594
33.786594
33.786594
33.786594
33.786594
33.786594
33.786594
33.786594
33.786594
33.786594
33.786594
33.786594
33.786594
33.786594
33.786594
33.786594
33.786594
33.786594
33.786594
33.786594
33.786594
33.786594
33.786594
33.786594
33.786594
33.786594
33.786594
33.786594
33.786594
33.786594
33.786594
33.786594
33.786594
33.786594
33.786594
33.786594
33.786594
33.786594
33.786594
33.786594
33.786594
33.786594
33.786594
33.786594
33.786594
34.839964
33.786594
33.786594
34.839964
34.839964
34.159844
33.786594
33.786594
33.786594
33.786594
33.786594
33.786594
33.786594
34.839964
34.839964
33.786594
33.786594
33.786594
33.786594
33.786594
34.839964
34.122307
33.786594
33.786594
34.839964
33.786594
33.976114
33.786594
33.786594
33.966218
33.786594
33.786594
33.752886
33.786594
33.786594
33.786594
34.839964
33.786594
34.839964
34.839964
34.839964
34.839964
33.786594
33.786594
33.786594
33.786594
33.786594
33.786594
33.786594
33.786594
33.786594
33.786594
33.786594
33.786594
33.786594
34.128118
34.839964
34.839964
33.786594
33.786594
33.786594
33.786594
33.786594
33.786594
33.786594
33.786594
34.839964
33.786594
33.786594
33.786594
33.786594
33.786594
33.786594
33.786594
33.786594
32.74081
32.67387
33.016928
33.016928
33.016928
33.016928
33.016928
32.636922
32.615983
33.016928
32.639967
32.656159
32.629234
33.016928
33.016928
33.016928
33.016928
32.578991
33.016928
33.016928
33.016928
32.76105
32.781084
33.016928
33.016928
32.732288
33.016928
33.016928
33.016928
32.671194
33.016928
33.016928
33.016928
33.016928
32.718352
32.733452
33.016928
33.016928
33.016928
33.016928
33.016928
33.016928
33.023042
33.016928
33.082192
33.016928
32.974074
33.016928
32.865113
32.787514
32.822138
33.016928
33.016928
33.054154
33.057128
33.016928
33.016928
33.016928
33.071941
33.016928
33.016928
33.016928
32.898511
33.016928
33.016928
32.893498
33.016928
33.016928
33.016928
33.016928
33.016928
33.016928
33.016928
33.016928
33.016928
33.016928
33.016928
33.016928
32.994097
33.031572
33.016928
33.005026
33.016928
33.099573
33.016928
32.843956
33.016928
33.016928
33.007075
33.016928
33.016928
33.016928
33.016928
33.016928
33.016928
33.016928
33.016928
33.016928
32.962307
33.016928
33.016928
33.016928
32.7211
32.71712
32.746085
32.73875
32.7374
32.709355
32.735
32.774699
32.794748
32.775849
32.803717
33.016928
32.694601
32.70614
32.7576
32.7654
32.818398
32.656176
32.815849
32.794947
32.90391
32.856847
32.810983
32.818733
32.899613
33.021243
32.995484
32.965012
32.952467
32.874916
32.643703
32.733507
32.562106
33.016928
32.68342
32.85377
33.016928
32.68018
32.74344
33.016928
33.016928
32.889139
33.016928
33.016928
33.016928
33.016928
33.016928
32.628038
32.671602
33.016928
33.016928
33.016928
32.871846
33.016928
33.016928
33.016928
33.016928
33.016928
33.016928
33.016928
33.016928
33.016928
33.016928
33.016928
32.566356
33.016928
33.016928
33.016928
33.016928
33.016928
32.572602
32.775088
33.016928
33.016928
33.016928
33.016928
33.016928
33.016928
33.016928
33.016928
33.016928
33.016928
33.016928
33.016928
32.751575
33.728721
33.752886
33.75317
33.70271
33.76437
33.919215
32.782242
33.92703
33.756749
33.59869
33.096382
33.842969
32.946832
33.026203
33.157664
33.647301
33.752886
33.646405
33.809041
33.900103
33.876265
34.201506
32.900509
32.79475
32.72181
32.867317
33.008903
34.175713
33.670978
33.545034
33.752886
34.146607
33.124361
33.924967
32.98097
33.680623
33.660374
33.842567
33.761076
33.797145
33.369594
34.249419
34.188703
33.703598
32.79413
33.5578
33.309217
33.843837
34.234411
34.311015
34.200026
33.037976
33.945145
32.981774
34.451263
34.310323
34.180251
33.752886
34.839964
34.6122
34.153818
34.839964
34.450143
35.445323
35.262453
34.693608
34.201638
34.839964
34.50514
34.223224
34.248404
34.211175
34.839964
33.976814
34.839964
34.839964
34.839964
34.151161
34.850671
34.839964
34.899805
36.235817
34.839964
34.588133
34.258346
34.839964
34.159844
34.122307
34.839964
34.932852
34.133057
34.839964
34.241137
34.496921
34.839964
34.156543
35.012622
34.839964
34.209221
34.839964
34.770403
34.839964
34.839964
34.470317
34.642102
35.337173
34.90534
34.839964
34.839964
34.839964
34.839964
34.237294
34.2409
34.153575
34.839964
34.202339
34.141501
34.839964
34.210229
35.977703
34.839964
34.247205
36.626033
34.839964
34.491985
34.839964
34.527103
34.839964
34.926948
34.06226
34.839964
34.21392
34.839964
34.159076
34.134794
34.839964
34.271173
34.839964
34.095956
34.839964
34.839964
34.839964
34.839964
34.839964
34.839964
34.839964
34.839964
34.839964
34.262243
33.752886
33.752886
33.752886
33.752886
33.752886
33.752886
33.752886
33.752886
33.752886
33.752886
33.752886
33.752886
33.752886
33.752886
33.752886
33.752886
33.752886
33.752886
33.658068
33.752886
33.752886
33.519176
33.524988
33.651652
33.617074
33.752886
33.752886
33.752886
33.741769
33.752886
33.752886
33.857218
33.521993
33.855098
33.752886
33.752886
33.640142
33.44204
33.752886
33.752886
33.628192
33.752886
33.752886
33.752886
33.752886
33.752886
33.752886
33.752886
33.752886
33.48777
33.752886
33.752886
33.752886
33.752886
33.752886
33.752886
33.752886
33.752886
33.752886
33.718018
33.648871
33.690475
33.640302
33.701121
33.640302

33.663011
33.615525
33.685319
33.640302
33.640302
33.641579
33.66985
33.691619
33.686519
33.455277
33.599956
33.6829
33.685069
33.640302
33.485903
33.64079

33.640302
33.640302
33.640302
33.640302
33.640302
33.520941
33.640302
33.595714
33.601673
33.640302
33.603459
33.597128
33.640302
33.611198
33.637771
33.555291
33.606521
33.61837
33.568923
33.459745
33.438428
33.530631
33.741994
33.532817
33.673979
33.612322
33.640302
33.640302
33.640302
33.601944
33.640302
33.605527
33.575026
33.555323
33.640302
33.640302
33.640302
33.640302
33.640302
33.640302
33.640302
33.707568
33.640302
33.679069
33.640302
33.640302
33.711552
33.640302
33.640302
33.640302
33.640302
33.579122
33.640302
33.705787
33.640302
33.640302
33.640302
33.640302
33.640302
33.640302
33.640302
33.640302
33.640302

33.640302
33.640302
33.640302
33.640302
33.640302
33.640302
33.640302
33.640302
33.640302
33.640302
33.640302
33.640302
33.640302
33.640302
33.640302
33.640302
33.640302
33.640302
33.640302
33.640302
33.640302
33.640302
33.640302
33.640302
33.640302
33.640302
33.640302
33.640302
33.640302
33.752886
33.640302
33.640302
33.640302
33.640302
33.640302
33.640302
33.640302
33.640302
33.640302
33.640302
33.640302
33.752886
33.752886
33.752886
33.752886
33.752886
33.752886
33.752886
33.640302
33.674044
33.640302
33.640302
34.330829
34.032383
34.230353
34.278752
34.032383
34.032383
34.032383
34.356248
34.307783
34.032383
34.204429
34.405045
34.262834
34.393387
34.032383
34.032383
34.301347
34.412169
34.478806
34.032383
34.224892
34.032383
34.032383
34.154141
34.032383
34.221157
34.435224
34.148893
34.113389
34.162124
34.032383
34.364943
34.032383
34.032383
34.292301
34.258203
34.272162
34.304034
34.422045
34.032383
34.032383
34.032383
34.421897
34.262834
34.430908
34.508099
34.432896
34.421795
34.437795
34.406997
34.539027
34.453046
34.262834
34.503802
34.262834
34.262834
34.262834
34.262834
34.262834
34.262834
34.262834
34.262834
34.262834
35.85829
36.316529
35.311064
36.003134
35.569608
35.294405
35.881776
36.139789
36.247025
36.067399
35.294405
35.294405
36.082002
35.875918
35.357018
36.344716
35.294405
36.304981
35.294405
35.674205
35.73296
36.357151
36.220468
36.138861
36.207165
36.375844
36.472713
35.708701
36.005488
35.668987
35.405369
36.445649
34.881773
36.496901
36.268194
36.138861
36.073033
35.294405
35.674813
35.294405
35.294405
34.922283
35.63952
35.959881
35.973777
36.033126
35.819334
35.805046
36.36444
35.763646
36.126506
36.189441
36.137375
35.703306
35.904767
36.435485
36.005985
36.133527
36.26699
35.294405
36.13188
36.126621
36.393615
35.467934
36.129557
35.54194
35.472296
36.465943
35.608372
36.184014
36.19457
35.483501
35.294405
35.294405
35.332109
35.385489
35.413048
35.105383
35.567657
35.294405
35.294405
35.240577
35.27581
35.294405
35.294405
35.294405
35.294405
35.294405
35.294405
35.294405
35.294405
35.294405
35.294405
35.294405
35.265573
35.301041
35.347065
35.363067
35.347065
35.347065
35.347065
35.221085
35.347065
35.347065
35.292432
35.347065
35.464793
35.428241
35.190349
35.907585
34.635927
35.587748
34.845765
35.473343
35.477945
35.38173
34.938796
35.491888
34.629464
34.737289
34.262834
34.745715
34.693012
35.402295
35.347065
35.048397
35.106168
35.640598
35.75624
35.347065
35.391719
35.982551
35.705546
35.575711
35.358427
34.875832
34.883589
35.027682
34.836252
34.953532
34.646136
35.610073
34.648841
34.674436
35.517781
35.347065
35.038066
35.068161
35.187133
35.144767
33.786594
37.496842
37.169602
37.026022
36.626033
35.215513
38.248505
35.488054
35.177369
36.626033
35.258171
35.294405
36.831167
35.639715
35.370839
37.711282
36.488612
35.226499
33.786594
33.786594
33.786594
33.786594
33.786594
37.97823
36.626033
33.786594
33.786594
36.553842
37.609434
36.229962
33.786594
33.786594
33.786594
33.786594
35.38661
35.540458
35.294405
34.839964
34.942862
35.043028
34.839964
33.786594
35.294405
33.786594
33.786594
33.786594
33.786594
34.839964
35.294405
33.786594
37.379045
37.075671
36.568312
37.299169
37.213607
36.799615
36.589797
36.607941
36.528598
37.013396
36.832583
36.878242
37.036529
37.158791
36.515805
36.6524
36.509532
37.073301
36.723654
36.772741
37.51165
36.33859
36.623402
36.839928
36.574499
36.751546
36.676147
36.5249
36.734051
37.167262
37.103768
36.928286
37.023383
37.160622
36.676898
36.698964
36.746375
37.2141
37.37586
37.163948
36.677384
36.555602
36.661358
36.841665
36.8411
37.008796
36.591897
37.242121
36.669807
36.466514
36.897408
36.458421
37.186872
36.637507
37.098774
37.01349
36.520998
36.964156
36.632595
37.274585
36.471833
36.444195
36.750265
36.782012
36.770134
36.768449
36.92709
36.795503
36.648635
36.746375
36.746375
36.746375
36.896749
36.830336
36.746375
36.746375
36.746375
36.746375
36.746375
36.746375
36.850729
36.729049
36.793291
36.746375
36.620698
36.726349
36.763149
36.756348
36.746375
36.746375
36.746375
36.746375
36.746375
36.746375
36.746375
36.746375
36.746375
36.746375
36.746375
36.746375
36.746375
36.746375
36.746375
36.746375
36.746375
36.746375
36.746375
36.746375
36.746375
36.746375
36.746375
36.746375
36.746375
36.746375
36.746375
36.746375
36.746375
36.746375
36.746375
36.746375
36.441768
36.35433
36.682888
36.620989
36.756306
36.641676
36.35433
36.35433
36.054105
36.549729
36.543261
36.615248
36.446043
36.583988
36.502102
36.323971
36.023549
36.201898
35.949963
36.643259
36.521811
36.35433
36.35433
36.606225
36.408303
36.5831
36.457423
36.429013
36.449485
36.626059
37.516644
37.381144
37.689182
37.567086
37.381144
37.381144

37.687509
37.676864
37.381144
37.381144
37.510085
37.389057
37.272556
37.279692
37.238842
37.189396
37.189396
37.439616
37.381144
37.450627
37.370194
37.381144
37.598385
37.381144
37.189396
37.542789
37.52019
37.189396
37.189396
37.189396
37.189396
37.189396
37.616774
37.381144
37.381144
37.211194
37.462158
37.424539
37.490387
37.381144
37.53256
37.623159
37.381144
37.498586
37.381144
37.328292
37.657443
37.381144

37.189396
37.189396
37.189396
37.189396
37.189396
37.381144
37.381144
37.381144
37.784827
37.779278
37.775678
37.790728
37.789595
37.784827
37.769029
37.791028
37.795219
37.748932
37.773579
37.721981
37.758279
37.786028
37.743857
37.769079
37.778779
37.784827
37.784827
37.777129
37.761179
37.79967
37.73123
37.784827
37.784827
37.73403
37.621582
37.798878
37.819763
37.74363
37.722631
37.801928
37.72168
37.784827
37.784827
37.784827
37.784827
37.784827
37.784827
37.784827
37.784827
37.76313
37.784827
37.784827
37.784827
37.784827
37.784827
37.784827
37.784827
37.784827
37.784827
37.784827
37.784827
37.784827
37.784827
37.784827
37.784827
37.784827
37.784827
37.784827
37.784827
37.784827
37.784827
37.784827
37.784827
37.784827
37.784827
37.784827
37.784827
37.784827
37.784827
38.380456
38.377411
38.377411
38.377411
38.377411
38.377411
38.377411
38.377411
38.377411
38.377411
38.377411
38.377411
38.377411
38.377411
38.377411
38.377411
38.377411
38.377411
38.377411
38.377411
38.377411
38.377411
38.377411
38.377411
38.377411
38.377411
38.377411
38.377411
38.377411
38.377411
38.377411
38.377411
38.377411
38.377411
38.377411
38.377411
38.377411
38.377411
38.377411
38.377411
38.377411
38.377411
38.377411
38.377411
38.377411
38.377411
38.377411
38.377411
38.377411
38.377411
38.377411
38.377411
38.377411
38.377411
38.377411
38.377411
38.377411
38.377411
38.377411
38.377411
38.377411
38.377411
37.189396
37.189396
37.467338
37.189396
37.189396
37.189396
37.381144
37.381144
37.189396
37.189396
37.573485
37.541886
37.541486
37.553774
37.381144
37.381144
37.381144
37.381144
37.381144
37.534736
37.770563
37.735088

37.832075
37.936723
38.57145
37.931997
38.1012
38.02662
38.13293
37.912274
37.858925
38.615055
37.777208
37.897832
37.953672
37.984821
37.988871
37.951661
37.777208
37.957572
37.777208
37.958011
37.914851
37.953542
37.838744
37.777208
37.918024
37.920852
38.278428
38.271218
37.565285
37.680181
37.509453
37.520339
37.680181
37.67513
37.662552
37.680181
37.613883
37.635482
37.731229
38.008343
37.972622
37.901223
37.676781
37.680181
37.68943
37.986421
37.570681
37.838926
37.680181
38.516158
38.256973
37.534102
37.996516
38.437887
37.893124
37.990772
38.00307
37.646081
38.649304
37.714402
38.04697
37.777208
38.209069
38.030821
38.466508
38.537757
37.777208
38.450909
37.715629
37.704429
37.688518
37.68123
38.509569
37.768556
38.195385
37.585883
37.589084
37.688244
38.158221
38.096719
38.114249
38.096788
37.873343
37.952389
37.777208
37.906873
38.41611
37.786027
37.802777
37.761778
37.680181
37.759322
37.789927
37.807967
37.833876
37.834776
37.811277
37.847076
37.809435
37.781098
37.727739
37.806677
37.807827
37.843126
37.783877
37.680181
37.742529

37.680181
37.680181
37.803927
37.819314
37.680181
37.680181
37.680181
37.680181
37.680181
37.680181
37.680181
37.680181
37.860576
37.864425
37.865725
37.866975
37.85983
37.889525
37.892675
37.891825
37.879825
37.873366
37.680181
37.866825
37.947523
37.777208
37.966422
37.925174
37.929123
37.959573
37.777208
37.777208
37.777208
37.777208
37.970948
38.033922
37.947874
38.068036
38.068036
38.068036
38.07392
37.935324
38.351416
38.367894
38.001976
37.925039
38.463088
38.463088
38.345663
38.246928
37.981723
38.323614
38.015803
38.112571
38.022974
37.936624
38.17087
37.886325
38.068036
38.027654
38.008973
38.09502
38.148858
38.06372
38.046703
38.315342
38.265366
38.463088
38.225816
38.463088
38.057934
38.022322
37.986473
38.016622
37.941571
37.850417
38.068036
37.911625
38.242733
38.307224
38.007172
38.068036
38.463088
38.068036
38.068036
38.068036
38.068036
38.117269
38.267466
37.05297
37.189396
37.024933
36.864154
37.096297
37.176595
37.10604
37.189396
37.189396
37.012368
37.189396
36.782556
37.189396
37.189396
37.189396
37.097536
37.102414
36.937042
37.023347
36.986148
36.828078
36.85443
37.189396
37.107647
37.189396
37.070923
37.189396
37.436454
37.456807
37.130238
37.225787
36.797555
37.052137
37.189396
36.587379
37.189396
36.831008
37.090125
37.189396
37.189396
37.189396
37.189396
37.189396
37.189396
37.189396
37.052748
37.007399
36.971549
36.9634
36.988837
37.033568
37.071387
37.05297
37.189396
37.189396
37.031948
36.761702
36.98025
37.05297
37.189396
37.189396
37.189396
37.189396
37.189396
37.189396
37.189396
37.267947
37.37004
37.189396
37.189396
37.189396
37.35504
37.189396
37.189396
37.189396
37.38478
37.298592
37.33074
37.189396
37.189396
37.189396
37.189396
37.373903
37.189396
37.189396
37.189396
37.388389
37.433587
37.372239
37.189396
37.272289
37.189396
37.189396
37.258733
37.216394
37.304321
37.178745
37.189396
37.335928
37.189396
37.187349
37.189396
37.216184
37.189396
37.189396
37.189396
37.189396
37.189396
37.189396
37.189396
37.189396
37.189396
37.189396
37.189396
37.189396
37.189396
37.189396
37.189396
37.189396
37.189396
37.189396
37.189396
37.672196
37.958573
37.954573
37.975473
37.954773
37.912324
38.018146
37.889849
37.988691
38.025472
37.981073
38.037321
37.904777
37.964123
38.001613
38.198666
38.092294
38.052816
38.328969
38.217249
38.191258
38.211495
38.211127
37.971877
38.110355
37.915075
37.883775
38.352793
38.183537
37.889849
38.017322
38.141969
38.111356
37.889849
38.138318
38.29138
38.279047
38.131035
38.325626
38.190106
38.243158
38.085205
38.190383
38.114669
38.161589
38.403007
38.390344
38.157962
37.889849
37.889849
37.953473
37.889849
37.889849
37.889849
37.317255
37.470114
37.889849
37.822025
37.408643
37.561889
37.807938
38.061003
37.700116
37.422175
37.429147
38.033541
37.429369
37.55026
37.125735
37.622232
37.637531
37.817826
37.867634
37.150438
37.599514
37.399608
37.555242
37.545683
37.883131
37.55928
37.653226
37.811976
37.264851
37.358769
38.112838
37.807297
37.743327
37.572907
37.338191
37.186872
37.367315
37.186872
37.378234
37.564369
38.08455
37.805371
37.412623
37.669463
37.636384
37.60396
37.60396
37.533682
37.685879
37.722878
37.679529
37.611
37.340337
37.839643
37.516383
38.004532
37.289085
37.765177
37.69222
37.695359
37.483708
37.96091
38.010365
37.986377
37.324536
38.184096
37.688679

37.889849
37.921694
37.540206
37.60396
37.530174
38.085837
37.889849
37.659644
37.561682
37.411145
37.63791
37.60396

37.60396
38.450412
38.440061
38.477043
38.452642
38.444714
38.459575
38.389113
38.463088
38.462575
39.168027
38.710387
39.046943
38.463088
39.677625
39.213324
38.417883
39.367286
38.562107
38.946476
38.953387
38.985997
38.638928
38.82677
39.238683
39.835096
39.671989
38.442735
38.463088
39.076371
38.313864
39.00686
38.509736
39.500634
38.49031
38.707323
38.383854
39.034627
38.434926
38.836933
38.495554
38.512761
38.965637
38.546934
38.930811
38.413111
39.05345
39.772903
39.267235
38.89699
39.157828
38.950236
39.319949
39.040188
38.459755
39.128136
39.276878
38.406676
39.056598
38.919145
39.360935
39.302446
38.523472
38.407222
38.325851
38.255943
38.676694
39.127247
39.403699
39.252489
38.464487
38.463088
39.660425
39.525958
38.532827
39.185033
38.934552
38.717318
40.646324
40.733552
40.787799
40.13049
40.318601
40.881383
40.708094
40.564495
40.823396
40.961876
40.484837
40.477722
40.501603
41.744452
41.852985
40.733552
40.465229
40.72533
41.892473
40.815265
40.65136
41.912328
40.25679
40.786924
40.548691
41.609872
40.647049
40.768799
40.665179
40.450929
40.23548
40.262278
41.291871
41.304908
40.303424
40.195018
40.505478
40.314708
40.672576
40.795138
40.440193
41.925977
41.451129
40.36547
40.982322
40.323964
40.872068
39.873214
39.947575
40.47949
40.672576
38.418568
39.014933
38.973505
39.106287
38.591854
38.799836
38.785596
38.62136
38.650335
38.689802
38.377411
38.43141
38.81419
38.877956
38.338322
38.521776
38.619545
38.54431
38.629821
38.397372
38.693052
38.676272
38.44148
38.348022
38.695702
38.779509
38.655263
38.510343
38.594181
39.024453
38.289817
38.854672
38.924378
38.909448
38.63765
38.850382
38.320561
38.357839
38.340647
38.18394
38.366959
38.463282
38.858483
38.575433
38.929305
38.814428
38.888405
38.666653
38.671903
38.463282
38.554406
38.54723
39.038217
38.837134
38.667003
38.74073
38.687103
38.852288
38.75162
38.4038
38.556287
38.730224
38.830643
38.486559
38.597705
38.377411
38.718327
38.478399
38.931318
38.544557
38.868875
38.801233
38.910488
38.867147
38.232898
38.989408
38.62183
38.51858
38.639336
38.436584
38.189865
38.35056
38.407405
38.44727
38.181635
38.608615
39.08337
38.405222
38.622768
38.74388
38.34896
38.751038
38.782731
38.437001
39.214162
38.998186
38.745549
39.167276
39.126473
39.196515
39.254601
39.168473
38.892518
38.83074
39.001448
39.26599
38.766276
39.31959
38.802139
39.01892
38.377411
38.579621
38.377411
38.756614
38.779875
38.347205
38.377411
38.686847
38.377411
38.819795
38.695895
38.619545
38.619545
38.377411
38.377411
38.579055
38.589505
38.571505
38.549232
38.557255
38.568305
38.536606
38.627204
38.511356
38.481354
38.517256
38.585804
38.547639
38.552752
38.488446
38.495328
38.490022
38.497863
38.435014
38.621802
38.584193
38.667783
38.710901
38.692855
38.645103
38.377411
38.665385
38.692752
38.716091
38.377411
38.377411
38.377411
38.377411
38.377411
38.586554
38.377411
38.377411
38.377411
38.377411
38.377411
38.377411
38.377411
39.260878
39.111453
39.466324
39.0134
39.698298
39.409669
39.912222
39.653813
39.40672
39.321808
39.425005
39.458507
39.414386
40.211176
39.26599
39.467095
39.746159
39.805255
39.687626
39.731406
39.543835
39.169245
39.203958
40.086309
39.377751
39.558607
38.835384
39.626362
39.54842
39.585648
39.528374
39.947462
39.596546
39.49253
39.196288
39.21656
40.124832
39.355492
39.110986
39.065895
39.728209
39.236141
39.867959
39.2847
39.896259
39.066931
39.556251
39.299606
39.330529
39.214767
39.210524
39.631197
39.578352
39.463113
39.723898
39.443039
39.654279
39.379166
40.005131
39.44442
39.837577
39.50107
39.225477
39.723898
39.19443
39.995078
39.28207
39.918503
39.577329
39.172636
39.963458
39.950913
39.352343
39.142737
39.519386
39.048854
39.020133
39.130338
40.675738
40.624448
40.71711
41.236677
40.469324
40.715565
41.131506
40.672576
40.974917
40.942396
41.281549
41.458738
40.933652
41.110338
40.69686
40.277282
40.125399
40.439989
41.919428
40.668853
41.45574
41.44631
41.034309
39.902424
41.219117
41.581383
40.689232
41.441483
40.049209
41.540332
41.63468
41.666514
40.808623
40.500622
41.939792
40.613736
40.478246
40.741117
40.709783
41.871172
40.910481
40.736068
41.234693
40.039203
41.096751
41.247548
41.787881
40.420879
40.343925
40.570081
40.356403
41.757491
40.900945
41.427158
41.129955
40.691529
40.735153
40.658943
40.56844
39.877198
40.364148
40.375954
40.12517
40.686639
40.142907
40.762944
41.728874
41.833921
40.601263
40.488664
40.657893
40.021383
41.050081
39.927203
40.704907
41.6661
40.735153
40.575131
41.623828
40.704337
41.433984
39.812686
41.42426
39.794136
39.754627
38.533336
41.590548
39.962841
41.590548
39.392752
41.590548
40.101514
40.298255
41.763674
41.232908
40.407309
39.613008
40.97664
38.771319
40.196745
39.800456
40.776154
39.613937
39.593596
39.582462
40.446063
40.341664
39.772064
40.548881
40.950868
38.617086
41.93519
40.02349
40.34056
40.303792
39.229978
39.122962
38.998714
39.201123
39.163631
39.175186
39.2226
38.927507
38.90392
38.927149
38.87529
38.844909
38.935245
38.934409
38.898142
39.3781
39.377677
39.26599