-118.248405
-118.245855
-118.273156
-118.298662
-118.298662
-118.298662
-118.298662
-118.298662
-118.298662
-118.298662
-118.250056
-118.298662
-118.298662
-118.298662
-118.298662
-118.298662
-118.298662
-118.298662
-118.298662
-118.298662
-118.298662
-118.176502
-118.196055
-118.298662
-118.298662
-118.298662
-118.298662
-118.225606
-118.298662
-118.298662
-118.298662
-118.298662
-118.298662
-118.298662
-118.298662
-118.298662
-118.298662
-118.298662
-118.298662
-118.153153
-118.298662
-118.298662
-118.298662
-118.285706
-118.298662
-118.298662
-118.298662
-118.298662
-118.298662
-118.298662
-118.298662
-118.298662
-118.298662
-118.298662
-118.298662
-118.298662
-118.298662
-118.213255
-118.244955
-118.298662
-118.275356
-118.298662
-118.298662
-118.298662
-118.298662
-118.298662
-118.298662
-118.298662
-118.298662
-118.298662
-118.298662
-118.298662
-118.298662
-118.298662
-118.298662
-118.298662
-118.298662
-118.298662
-118.298662
-118.298662
-118.298662
-118.298662
-118.298662
-118.298662
-118.298662
-118.298662
-118.298662
-118.298662
-118.298662
-118.298662
-118.298662
-118.298662
-118.298662
-118.298662
-118.298662
-118.298662
-118.298662
-118.298662
-118.298662
-118.298662
-118.168903
-118.298662
-118.298662
-118.298662
-118.298662
-118.298662
-118.298662
-118.240208
-118.21681
-118.235654
-118.298662
-118.298662
-118.298662
-118.298662
-118.298662
-118.298662
-118.298662
-118.119461
-118.125851
-118.139969
-118.298662
-118.295256
-118.269605
-118.299106
-118.298662
-118.298662
-118.298662
-118.213137
-118.298662
-118.298662
-118.202954
-118.298662
-118.298662
-118.298662
-118.298662
-118.298662
-118.187376
-118.298662
-118.298662
-118.298662
-118.298662
-118.179754
-118.193403
-118.298662
-118.298662
-118.298662
-118.298662
-118.298662
-118.298662
-118.298662
-118.298662
-118.298662
-118.298662
-118.298662
-118.298662
-118.298662
-118.298662
-118.298662
-118.298662
-118.298662
-118.298662
-118.298662
-118.298662
-118.298662
-118.298662
-118.298662
-118.298662
-118.298662
-118.298662
-118.298662
-118.298662
-118.298662
-118.298662
-118.298662
-118.298662
-118.298662
-118.303805
-118.293405
-118.298662
-118.298662
-118.298662
-118.298662
-118.298662
-118.298662
-118.298662
-118.298662
-118.0441
-118.036578
-117.995297
-118.009085
-118.017424
-118.036999
-118.298662
-118.298662
-118.298662
-118.298662
-118.298662
-117.769442
-117.769442
-117.769442
-117.769442
-117.769442
-117.769442
-117.769442
-117.769442
-117.769442
-118.298662
-118.007297
-118.018247
-118.298662
-118.076549
-118.298662
-118.298662
-118.298662
-118.088787
-118.298662
-118.298662
-118.298662
-118.063698
-118.298662
-117.769442
-118.073148
-118.298662
-118.068648
-118.298662
-118.12965
-118.298662
-118.251554
-118.298662
-118.14645
-118.109399
-118.1339
-118.078748
-118.072796
-118.298662
-117.769442
-117.769442
-118.165152
-118.253053
-118.298662
-118.298662
-118.298662
-117.769442
-117.769442
-117.769442
-118.253853
-118.261154
-118.255204
-118.253825
-118.298662
-118.298662
-118.200957
-118.201101
-118.13016
-118.135699
-118.1576
-118.172801
-118.181102
-118.106132
-118.298662
-118.232453
-118.183701
-118.142654
-118.114612
-118.1638
-118.199401
-118.298662
-118.199401
-118.199401
-118.199401
-118.115698
-118.298662
-118.298662
-118.298662
-118.150352
-118.298662
-118.298662
-118.298662
-118.298662

-118.298662
-118.298662
-118.298662
-118.298662
-118.298662
-118.298662
-118.298662
-118.298662
-118.298662
-118.298662
-118.298662
-118.298662
-118.298662
-118.298662
-118.298662
-118.298662
-118.298662
-118.298662
-118.298662
-118.298662
-118.298662
-118.298662
-118.298662
-118.298662
-118.298662
-118.298662
-118.298662
-118.298662
-118.298662
-118.298662
-118.298662
-118.298662
-118.298662
-118.298662
-118.298662
-118.298662
-118.298662
-118.298662
-118.298662
-118.298662
-118.298662
-118.298662
-118.298662
-118.298662
-118.298662
-118.298662
-118.298662
-118.298662
-118.298662
-118.298662
-118.298662
-118.298662
-118.298662
-118.298662
-118.298662
-118.298662
-118.298662
-118.298662
-118.298662
-118.298662
-118.298662
-118.298662
-118.298662
-118.298662
-118.298662
-118.298662
-118.298662
-118.298662
-118.298662
-118.298662
-118.298662
-118.298662
-118.298662
-118.298662
-118.298662
-118.298662
-118.298662
-118.298662
-118.298662
-118.298662
-118.298662
-118.298662
-118.298662
-118.298662
-118.298662
-118.298662
-118.298662
-119.1343
-118.905874
-118.298662
-118.298662
-118.298662
-118.298662
-118.298662
-118.298662
-118.298662
-118.298662
-118.298662
-118.298662
-118.298662
-118.298662
-118.298662
-118.298662
-118.298662
-118.298662
-118.298662
-118.298662
-118.298662
-118.298662
-118.298662
-118.298662
-118.298662
-118.298662
-118.298662
-118.298662
-118.298662
-118.298662
-118.298662
-119.1343
-119.1343
-118.800204
-118.847732
-118.823177
-118.298662
-118.298662
-118.298662
-118.298662
-118.298662
-118.298662
-118.298662
-119.1343
-118.298662
-118.298662
-118.298662
-118.298662
-118.298662
-118.298662
-118.298662

-118.298662

-118.298662
-118.298662
-118.298662
-118.298662
-118.298662
-118.298662
-118.298662
-118.298662
-118.298662
-118.298662
-118.298662
-118.298662
-118.298662
-118.298662
-118.298662
-118.298662
-118.298662
-118.298662
-118.298662
-118.298662
-118.298662
-118.298662
-118.298662
-118.298662
-118.298662
-118.298662
-118.298662
-118.298662
-118.298662
-118.298662
-118.298662
-118.298662
-118.298662
-118.298662
-118.298662
-118.298662
-118.298662
-118.298662
-118.298662
-118.298662
-118.298662
-118.298662
-118.298662
-118.298662
-118.298662
-118.298662
-118.298662
-118.298662
-118.298662
-118.298662
-118.298662
-118.298662
-118.298662
-118.298662
-118.298662
-118.298662
-118.298662
-118.298662
-118.298662
-115.967051
-118.298662
-118.298662
-115.967051
-115.967051
-114.30117
-118.298662
-118.298662
-118.298662
-118.298662
-118.298662
-118.298662
-118.298662
-115.967051
-115.967051
-118.298662
-118.298662
-118.298662
-118.298662
-118.298662
-115.967051
-116.247005
-118.298662
-118.298662
-115.967051
-118.298662
-117.981631
-118.298662
-118.298662
-117.91736
-118.298662
-118.298662
-116.055617
-118.298662
-118.298662
-118.298662
-115.967051
-118.298662
-115.967051
-115.967051
-115.967051
-115.967051
-118.298662
-118.298662
-118.298662
-118.298662
-118.298662
-118.298662
-118.298662
-118.298662
-118.298662
-118.298662
-118.298662
-118.298662
-118.298662
-116.246997
-115.967051
-115.967051
-118.298662
-118.298662
-118.298662
-118.298662
-118.298662
-118.298662
-118.298662
-118.298662
-115.967051
-118.298662
-118.298662
-118.298662
-118.298662
-118.298662
-118.298662
-118.298662
-118.298662
-116.976341
-117.020668
-116.846046
-116.846046
-116.846046
-116.846046
-116.846046
-117.050072
-117.034012
-116.846046
-116.984669
-116.966139
-116.948228
-116.846046
-116.846046
-116.846046
-116.846046
-117.117351
-116.846046
-116.846046
-116.846046
-116.998102
-117.018638
-116.846046
-116.846046
-117.037344
-116.846046
-116.846046
-116.846046
-117.084353
-116.846046
-116.846046
-116.846046
-116.846046
-117.000109
-116.957898
-116.846046
-116.846046
-116.846046
-116.846046
-116.846046
-116.846046
-117.274469
-116.846046
-117.267169
-116.846046
-117.224167
-116.846046
-117.041287
-116.960836
-116.885508
-116.846046
-116.846046
-117.250253
-117.083403
-116.846046
-116.846046
-116.846046
-117.158497
-116.846046
-116.846046
-116.846046
-117.225744
-116.846046
-116.846046
-116.898945
-116.846046
-116.846046
-116.846046
-116.846046
-116.846046
-116.846046
-116.846046
-116.846046
-116.846046
-116.846046
-116.846046
-116.846046
-117.030299
-116.976549
-116.846046
-117.21569
-116.846046
-117.215112
-116.846046
-116.994511
-116.846046
-116.846046
-117.256769
-116.846046
-116.846046
-116.846046
-116.846046
-116.846046
-116.846046
-116.846046
-116.846046
-116.846046
-117.046183
-116.846046
-116.846046
-116.846046
-117.174366
-117.118604
-117.170517
-117.128908
-117.087313
-117.232764
-117.202669
-117.148616
-117.239392
-117.207965
-117.16643
-116.846046
-117.121678
-117.051651
-117.070688
-117.127894
-117.197168
-117.160815
-117.033162
-117.079863
-117.207828
-117.208027
-117.136812
-117.082387
-117.144916
-117.120915
-117.07483
-117.126619
-117.161871
-117.088322
-117.138414
-117.216451
-117.07166
-116.846046
-117.121913
-117.119744
-116.846046
-117.047627
-117.200412
-116.846046
-116.846046
-117.100486
-116.846046
-116.846046
-116.846046
-116.846046
-116.846046
-117.035225
-117.165665
-116.846046
-116.846046
-116.846046
-117.229119
-116.846046
-116.846046
-116.846046
-116.846046
-116.846046
-116.846046
-116.846046
-116.846046
-116.846046
-116.846046
-116.846046
-116.997475
-116.846046
-116.846046
-116.846046
-116.846046
-116.846046
-116.918724
-117.076176
-116.846046
-116.846046
-116.846046
-116.846046
-116.846046
-116.846046
-116.846046
-116.846046
-116.846046
-116.846046
-116.846046
-116.846046
-117.191848
-116.035705
-116.055617
-116.26764
-116.303759
-116.339766
-116.864197
-114.561905
-116.954753
-115.723001
-114.652517
-115.280168
-116.607126
-115.518355
-115.284581
-115.510284
-116.277152
-116.055617
-116.143588
-115.366577
-116.400701
-116.354024
-115.647775
-115.503842
-115.692714
-115.438271
-115.374769
-115.640538
-116.268415
-116.259176
-116.018731
-116.055617
-116.371498
-115.641926
-116.549645
-115.823448
-116.402695
-116.408249
-116.527996
-116.535887
-116.511883
-114.735544
-114.210609
-116.504806
-116.431961
-115.694768
-116.157152
-115.957782
-116.393413
-116.235073
-115.277758
-115.286691
-115.591387
-116.649937
-114.685417
-115.896753
-116.524124
-116.350003
-116.055617
-115.967051
-115.800458
-116.512262
-115.967051
-116.726751
-116.142146
-116.696561
-115.851819
-116.906215
-115.967051
-116.110086
-116.847414
-116.849826
-117.079624
-115.967051
-117.038262
-115.967051
-115.967051
-115.967051
-116.900557
-116.701168
-115.967051
-116.77035
-117.144513
-115.967051
-115.577138
-116.951508
-115.967051
-114.301225
-116.247005
-115.967051
-115.802525
-116.911711
-115.967051
-116.938548
-116.378323
-115.967051
-117.14027
-116.191575
-115.967051
-117.129213
-115.967051
-116.206281
-115.967051
-115.967051
-115.969627
-115.558733
-115.628153
-115.932613
-115.967051
-115.967051
-115.967051
-115.967051
-116.855056
-116.889474
-116.898232
-115.967051
-115.567483
-116.982871
-115.967051
-117.110941
-116.270561
-115.967051
-116.818764
-117.218616
-115.967051
-114.754916
-115.967051
-115.172471
-115.967051
-116.709279
-116.971138
-115.967051
-117.127166
-115.967051
-116.709044
-116.228393
-115.967051
-116.93655
-115.967051
-116.479963
-115.967051
-115.967051
-115.967051
-115.967051
-115.967051
-115.967051
-115.967051
-115.967051
-115.967051
-116.861506
-116.055617
-116.055617
-116.055617
-116.055617
-116.055617
-116.055617
-116.055617
-116.055617
-116.055617
-116.055617
-116.055617
-116.055617
-116.055617
-116.055617
-116.055617
-116.055617
-116.055617
-116.055617
-116.649216
-116.055617
-116.055617
-116.802625
-116.679174
-116.777014
-116.786275
-116.055617
-116.055617
-116.055617
-116.721444
-116.055617
-116.055617
-116.720427
-115.915905
-116.920413
-116.055617
-116.055617
-116.556695
-116.861027
-116.055617
-116.055617
-116.406069
-116.055617
-116.055617
-116.055617
-116.055617
-116.055617
-116.055617
-116.055617
-116.055617
-116.784521
-116.055617
-116.055617
-116.055617
-116.055617
-116.055617
-116.055617
-116.055617
-116.055617
-116.055617
-117.72222
-117.764637
-117.790059
-117.769442
-117.817338
-117.769442

-117.730745
-117.782805
-117.827913
-117.769442
-117.769442
-117.73269
-117.765939
-117.765186
-117.830788
-117.662824
-117.865325
-117.778398
-117.763886
-117.769442
-117.696366
-117.693074

-117.769442
-117.769442
-117.769442
-117.769442
-117.769442
-117.741315
-117.769442
-117.715535
-117.716885
-117.769442
-117.751341
-117.835987
-117.769442
-117.886731
-117.875189
-117.833298
-117.89274
-117.91709
-117.616082
-117.625076
-117.623131
-117.618932
-117.727416
-117.710262
-117.59457
-117.595826
-117.769442
-117.769442
-117.769442
-117.603684
-117.769442
-117.667923
-117.659899
-117.564
-117.769442
-117.769442
-117.769442
-117.769442
-117.769442
-117.769442
-117.769442
-117.845746
-117.769442
-117.876789
-117.769442
-117.769442
-117.809881
-117.769442
-117.769442
-117.769442
-117.769442
-117.731534
-117.769442
-117.816189
-117.769442
-117.769442
-117.769442
-117.769442
-117.769442
-117.769442
-117.769442
-117.769442
-117.769442

-117.769442
-117.769442
-117.769442
-117.769442
-117.769442
-117.769442
-117.769442
-117.769442
-117.769442
-117.769442
-117.769442
-117.769442
-117.769442
-117.769442
-117.769442
-117.769442
-117.769442
-117.769442
-117.769442
-117.769442
-117.769442
-117.769442
-117.769442
-117.769442
-117.769442
-117.769442
-117.769442
-117.769442
-117.769442
-116.055617
-117.769442
-117.769442
-117.769442
-117.769442
-117.769442
-117.769442
-117.769442
-117.769442
-117.769442
-117.769442
-117.769442
-116.055617
-116.055617
-116.055617
-116.055617
-116.055617
-116.055617
-116.055617
-117.769442
-117.588233
-117.769442
-117.769442
-119.358352
-119.1343
-119.221299
-119.16509
-119.1343
-119.1343
-119.1343
-119.146228
-119.084253
-119.1343
-118.974355
-119.520525
-119.848555
-118.864285
-119.1343
-119.1343
-118.901098
-119.292335
-119.25876
-119.1343
-119.17749
-119.1343
-119.1343
-119.131326
-119.1343
-119.202365
-118.785517
-119.15458
-119.112432
-119.207364
-119.1343
-119.085704
-119.1343
-119.1343
-118.82033
-118.710724
-118.733903
-119.039305
-119.592561
-119.1343
-119.1343
-119.1343
-119.707135
-119.848555
-119.626863
-119.868622
-119.837072
-119.863722
-119.615862
-119.723668
-119.906198
-119.798472
-119.848555
-120.038806
-119.848555
-119.848555
-119.848555
-119.848555
-119.848555
-119.848555
-119.848555
-119.848555
-119.848555
-119.303735
-119.704594
-118.659604
-120.128716
-118.487681
-118.905173
-118.656086
-118.694576
-120.381432
-119.622634
-118.905173
-118.905173
-119.036316
-119.262323
-118.810069
-119.088371
-118.905173
-119.202664
-118.905173
-118.475381
-118.709978
-119.425371
-119.71776
-119.894727
-120.103363
-119.134101
-118.902899
-118.405385
-120.027031
-118.457002
-118.699098
-119.696386
-118.856562
-118.99412
-119.817274
-119.894727
-119.129166
-118.905173
-118.489938
-118.905173
-118.905173
-119.590275
-117.988136
-119.13645
-118.703592
-119.007265
-118.730136
-119.131527
-118.722755
-118.435693
-118.928478
-119.851865
-119.039111
-118.413077
-119.044239
-118.82759
-119.333512
-119.299856
-118.776902
-118.905173
-119.355559
-118.819365
-119.118982
-118.704037
-119.516076
-118.578135
-118.552613
-119.122283
-118.79575
-119.363349
-119.228324
-119.007662
-118.905173
-118.905173
-119.022134
-118.985984
-118.867478
-118.716613
-118.892932
-118.905173
-118.905173
-118.917413
-119.013543
-118.905173
-118.905173
-118.905173
-118.905173
-118.905173
-118.905173
-118.905173
-118.905173
-118.905173
-118.905173
-118.905173
-120.62122
-120.794897
-120.455345
-120.703455
-120.455345
-120.455345
-120.455345
-120.636399
-120.455345
-120.455345
-120.655743
-120.455345
-120.712459
-120.769493
-120.717769
-120.937371
-120.201469
-120.954454
-120.534979
-120.908608
-120.436119
-120.50264
-120.57318
-120.976259
-120.336594
-120.525706
-119.848555
-120.204944
-120.068487
-120.793742
-120.455345
-120.494812
-120.611142
-120.700313
-120.693505
-120.455345
-120.549178
-120.828342
-120.646803
-120.888038
-120.259602
-120.340795
-120.377957
-120.196818
-120.53421
-120.495723
-120.091629
-120.291994
-120.170111
-120.111465
-120.65385
-120.455345
-118.31596
-118.224785
-117.885359
-117.897202
-118.298662
-118.624903
-118.294915
-118.334393
-117.218616
-118.056018
-119.19876
-118.609553
-118.035049
-117.218616
-118.130233
-118.905173
-118.235097
-117.857026
-117.642748
-119.054711
-117.874104
-118.581032
-118.298662
-118.298662
-118.298662
-118.298662
-118.298662
-119.130361
-117.218616
-118.298662
-118.298662
-117.984465
-118.865636
-117.955189
-118.298662
-118.298662
-118.298662
-118.298662
-117.715928
-117.794007
-118.905173
-115.967051
-118.40041
-118.502209
-115.967051
-118.298662
-118.905173
-118.298662
-118.298662
-118.298662
-118.298662
-115.967051
-118.905173
-118.298662
-119.736326
-119.253991
-119.016197
-119.547639
-119.247413
-120.018659
-119.899405
-120.248963
-120.049939
-120.266097
-119.592146
-119.585303
-119.511704
-119.716753
-119.236871
-119.592015
-119.395365
-120.623363
-119.051698
-120.213442
-119.652872
-120.111796
-119.691869
-119.668152
-120.066008
-118.957494
-120.219522
-119.602863
-118.958777
-119.243637
-120.847479
-120.182423
-119.977376
-119.945035
-120.393602
-119.049219
-119.639658
-119.496955
-119.65238
-119.665194
-119.783475
-119.166499
-119.81608
-119.349639
-119.801015
-119.512686
-119.902728
-119.859865
-119.398857
-119.97768
-119.829053
-120.202084
-120.650351
-119.992005
-119.166093
-120.744668
-119.352004
-119.370436
-120.282776
-119.540624
-119.259352
-119.471745
-119.353631
-119.822019
-119.808651
-119.761076
-119.670552
-119.847234
-119.998749
-119.639658
-119.639658
-119.639658
-119.750294
-119.82824
-119.639658
-119.639658
-119.639658
-119.639658
-119.639658
-119.639658
-119.802227
-119.771526
-119.931132
-119.639658
-119.730824
-119.759875
-119.673272
-119.817429
-119.639658
-119.639658
-119.639658
-119.639658
-119.639658
-119.639658
-119.639658
-119.639658
-119.639658
-119.639658
-119.639658
-119.639658
-119.639658
-119.639658
-119.639658
-119.639658
-119.639658
-119.639658
-119.639658
-119.639658
-119.639658
-119.639658
-119.639658
-119.639658
-119.639658
-119.639658
-119.639658
-119.639658
-119.639658
-119.639658
-119.639658
-119.639658
-121.416603
-121.132928
-121.612105
-121.487916
-121.67031
-121.63741
-121.132928
-121.132928
-121.607774
-121.922515
-121.926315
-121.79501
-121.666999
-121.4516
-121.408607
-121.324308
-121.21385
-121.05232
-121.062554
-121.812711
-121.688623
-121.132928
-121.132928
-121.908915
-121.544387
-121.936365
-121.290346
-121.497712
-121.368127
-121.655474
-122.29339
-122.334825
-122.404332
-122.367573
-122.334825
-122.334825

-122.438783
-122.475234
-122.334825
-122.334825
-122.473404
-122.415566
-122.249528
-122.314831
-121.885066
-121.705327
-121.705327
-122.186373
-122.334825
-122.199439
-122.218176
-122.334825
-122.400083
-122.334825
-121.705327
-122.505152
-122.499618
-121.705327
-121.705327
-121.705327
-121.705327
-121.705327
-122.480015
-122.334825
-122.334825
-122.343782
-122.235639
-122.295997
-122.212846
-122.334825
-122.247806
-122.436034
-122.334825
-122.29815
-122.334825
-122.360233
-122.423483
-122.334825

-121.705327
-121.705327
-121.705327
-121.705327
-121.705327
-122.334825
-122.334825
-122.334825
-122.727802
-122.416582
-122.412131
-122.401732
-122.395631
-122.727802
-122.393681
-122.408782
-122.420782
-122.416281
-122.405331
-122.439382
-122.439332
-122.437032
-122.483232
-122.443882
-122.459982
-122.727802
-122.727802
-122.491682
-122.475732
-122.435732
-122.382857
-122.727802
-122.727802
-122.458632
-122.392882
-122.465682
-122.368433
-122.443182
-122.482483
-122.410182
-122.410832
-122.727802
-122.727802
-122.727802
-122.727802
-122.727802
-122.727802
-122.727802
-122.727802
-122.458582
-122.727802
-122.727802
-122.727802
-122.727802
-122.727802
-122.727802
-122.727802
-122.727802
-122.727802
-122.727802
-122.727802
-122.727802
-122.727802
-122.727802
-122.727802
-122.727802
-122.727802
-122.727802
-122.727802
-122.727802
-122.727802
-122.727802
-122.727802
-122.727802
-122.727802
-122.727802
-122.727802
-122.727802
-122.727802
-121.555406
-121.444429
-121.444429
-121.444429
-121.444429
-121.444429
-121.444429
-121.444429
-121.444429
-121.444429
-121.444429
-121.444429
-121.444429
-121.444429
-121.444429
-121.444429
-121.444429
-121.444429
-121.444429
-121.444429
-121.444429
-121.444429
-121.444429
-121.444429
-121.444429
-121.444429
-121.444429
-121.444429
-121.444429
-121.444429
-121.444429
-121.444429
-121.444429
-121.444429
-121.444429
-121.444429
-121.444429
-121.444429
-121.444429
-121.444429
-121.444429
-121.444429
-121.444429
-121.444429
-121.444429
-121.444429
-121.444429
-121.444429
-121.444429
-121.444429
-121.444429
-121.444429
-121.444429
-121.444429
-121.444429
-121.444429
-121.444429
-121.444429
-121.444429
-121.444429
-121.444429
-121.444429
-121.705327
-121.705327
-122.138765
-121.705327
-121.705327
-121.705327
-122.334825
-122.334825
-121.705327
-121.705327
-122.32253
-122.33063
-122.304079
-122.269978
-122.334825
-122.334825
-122.334825
-122.334825
-122.334825
-122.32588
-122.264779
-122.243067

-121.916718
-122.067431
-122.450215
-121.906748
-122.032061
-121.642463
-121.827733
-121.843071
-121.617002
-122.507742
-121.955399
-121.784818
-122.022872
-122.011272
-122.013355
-121.960045
-121.955399
-122.077774
-121.955399
-122.152602
-122.053573
-121.957778
-121.96672
-121.955399
-122.30248
-121.723919
-122.020276
-121.94123
-121.982721
-121.921498
-121.95832
-121.912568
-121.921498
-121.97412
-122.051179
-121.921498
-122.061673
-122.092324
-122.066373
-122.262101
-121.665205
-122.120089
-121.91605
-121.921498
-121.9251
-122.134976
-122.063323
-122.099224
-121.921498
-122.311921
-122.311685
-122.025352
-121.68972
-122.399101
-122.144826
-122.243294
-121.917219
-121.862128
-122.44529
-121.906329
-122.193028
-121.955399
-121.777874
-122.245129
-122.414189
-122.401289
-121.955399
-122.444889
-122.158621
-122.124225
-122.147425
-122.133825
-122.3539
-121.975531
-121.994935
-121.883018
-121.97362
-121.898741
-122.280383
-122.25328
-122.206292
-122.26986
-122.070625
-121.864451
-121.955399
-122.037045
-122.361587
-122.223779
-122.204578
-122.198428
-121.921498
-122.156626
-122.243979
-122.29878
-122.29548
-122.26328
-122.238779
-122.222278
-122.27018
-122.186573
-122.204573
-122.30038
-122.271652
-122.240179
-122.167126
-121.921498
-122.196689

-121.921498
-121.921498
-122.319655
-122.303136
-121.921498
-121.921498
-121.921498
-121.921498
-121.921498
-121.921498
-121.921498
-121.921498
-122.29673
-122.28713
-122.27573
-122.256729
-122.242029
-122.29828
-122.27608
-122.260429
-122.26553
-122.30273
-121.921498
-122.253582
-122.384032
-121.955399
-122.206177
-122.344381
-122.30093
-122.334131
-121.955399
-121.955399
-121.955399
-121.955399
-122.504286
-122.58549
-122.536337
-122.740988
-122.740988
-122.740988
-122.55944
-122.564439
-122.974134
-123.048629
-122.77915
-122.512035
-122.989975
-122.989975
-122.698398
-122.956202
-122.607791
-122.710565
-122.690302
-122.887717
-122.699183
-122.534237
-122.823185
-122.562937
-122.740988
-122.540951
-122.685568
-122.620893
-122.573745
-122.541739
-122.769854
-122.648346
-122.822588
-122.989975
-122.574526
-122.989975
-122.853421
-122.561689
-122.59184
-122.659644
-122.48436
-122.531423
-122.740988
-122.652043
-122.91446
-122.855757
-122.661691
-122.740988
-122.989975
-122.740988
-122.740988
-122.740988
-122.740988
-122.568442
-122.658097
-121.949418
-121.705327
-121.879432
-121.647608
-122.095525
-122.130887
-122.111546
-121.705327
-121.705327
-122.000537
-121.705327
-121.735759
-121.705327
-121.705327
-121.705327
-122.24338
-122.068323
-121.780262
-121.493849
-121.497349
-121.3924
-121.411909
-121.705327
-121.842064
-121.705327
-121.66186
-121.705327
-121.861989
-121.913632
-121.681557
-121.617894
-121.76066
-122.058024
-121.705327
-121.148586
-121.705327
-121.442746
-121.606099
-121.705327
-121.705327
-121.705327
-121.705327
-121.705327
-121.705327
-121.705327
-122.111126
-122.075125
-121.990571
-121.973771
-122.059073
-121.982632
-122.006276
-121.949418
-121.705327
-121.705327
-121.94972
-121.274795
-121.74696
-121.949418
-121.705327
-121.705327
-121.705327
-121.705327
-121.705327
-121.705327
-121.705327
-121.800001
-121.892093
-121.705327
-121.705327
-121.705327
-121.835344
-121.705327
-121.705327
-121.705327
-121.895798
-121.797977
-121.828333
-121.705327
-121.705327
-121.705327
-121.705327
-121.795913
-121.705327
-121.705327
-121.705327
-121.886316
-121.829615
-121.864265
-121.705327
-121.723862
-121.705327
-121.705327
-121.745159
-121.740059
-121.633457
-121.741809
-121.705327
-121.776861
-121.705327
-121.75722
-121.705327
-121.743632
-121.705327
-121.705327
-121.705327
-121.705327
-121.705327
-121.705327
-121.705327
-121.705327
-121.705327
-121.705327
-121.705327
-121.705327
-121.705327
-121.705327
-121.705327
-121.705327
-121.705327
-121.705327
-121.705327
-121.298794
-121.289206
-121.321707
-121.323758
-121.255405
-121.387007
-121.325487
-121.253872
-121.337187
-121.291628
-121.308008
-121.216156
-121.226782
-121.128903
-121.455259
-121.230207
-120.535316
-120.618608
-120.223837
-120.377348
-120.910251
-120.849106
-121.044252
-120.649912
-120.45436
-120.967398
-121.290405
-120.573947
-120.388215
-121.253872
-121.039852
-121.152088
-121.172415
-121.253872
-121.422011
-120.571875
-120.536352
-120.454381
-120.485154
-120.616052
-120.436953
-120.471841
-120.733128
-121.203656
-120.944264
-120.477467
-120.490831
-121.314909
-121.253872
-121.253872
-121.285257
-121.253872
-121.253872
-121.253872
-120.647347
-120.624564
-121.253872
-120.241685
-120.122715
-120.967976
-120.440467
-120.363545
-120.155251
-120.627348
-121.054997
-119.92502
-120.762047
-120.718131
-120.504934
-119.861258
-120.906593
-121.033598
-120.088197
-120.987196
-120.659136
-120.885973
-120.226091
-120.966091
-120.419802
-120.913846
-120.50941
-121.287362
-120.231843
-120.750082
-120.126643
-121.177601
-121.227351
-120.018973
-120.475427
-120.650351
-120.570634
-120.650351
-120.617808
-119.962569
-120.135262
-120.375945
-120.50975
-121.016796
-121.082742
-120.937052
-120.937052
-121.090835
-120.948033
-121.035846
-120.875893
-121.103547
-121.213529
-120.698578
-121.23848
-119.993941
-120.317156
-121.115411
-120.865061
-121.078608
-120.463408
-120.343863
-120.230556
-120.241412
-120.864936
-120.021342
-121.407804

-121.253872
-120.267887
-120.844063
-120.937052
-120.851857
-120.176042
-121.253872
-120.775617
-121.249449
-120.55271
-119.694652
-120.937052

-120.937052
-122.783159
-122.710598
-122.810328
-122.656296
-122.786392
-122.715654
-122.741849
-122.989975
-122.626545
-123.393401
-123.386924
-123.418728
-122.989975
-123.64746
-123.277143
-122.959401
-123.8042
-123.189714
-122.657017
-122.620832
-122.661027
-122.91333
-122.732911
-123.58761
-123.148437
-123.394207
-123.071403
-122.989975
-123.618031
-122.513093
-122.859625
-122.918385
-123.637284
-122.776963
-123.006531
-122.557253
-122.748109
-122.868154
-123.527323
-122.979355
-122.787101
-123.138986
-123.227415
-122.793699
-122.548243
-122.919291
-123.573407
-123.696392
-122.625621
-122.809585
-123.661507
-123.734377
-122.719276
-123.000625
-123.486408
-122.868266
-123.020406
-123.525375
-123.540572
-123.106751
-123.462532
-122.982142
-122.869654
-122.505846
-122.476819
-123.372059
-123.164533
-123.321202
-122.85643
-123.037996
-122.989975
-123.786385
-123.36573
-122.8041
-122.965163
-123.268378
-123.463976
-124.025773
-123.944021
-123.938685
-123.602161
-123.672124
-123.984232
-123.976234
-123.935891
-124.041746
-123.88501
-123.753321
-123.107281
-123.952838
-124.056897
-124.15721
-123.944021
-124.26879
-124.21666
-124.145734
-123.903317
-123.862815
-123.810269
-124.151347
-123.754058
-124.09898
-124.054355
-123.913353
-123.859218
-124.239192
-123.505623
-123.845935
-123.81444
-124.060455
-123.557541
-124.21441
-123.786863
-123.812063
-123.984516
-123.034604
-124.199568
-124.022847
-124.159812
-123.467024
-123.895246
-124.125506
-123.882487
-123.90987
-123.721407
-123.686938
-123.847878
-123.034604
-120.831845
-121.07047
-121.067718
-120.536032
-121.537801
-122.181084
-122.140491
-121.332191
-121.327214
-121.26736
-121.444429
-121.594875
-120.895188
-120.986029
-121.5378
-121.749016
-121.961532
-121.685904
-120.820021
-121.761419
-121.309461
-120.84598
-121.307142
-121.90029
-121.452097
-122.100884
-121.260709
-120.708029
-121.310796
-120.862663
-121.313883
-120.830282
-120.703303
-120.889138
-120.553399
-122.214722
-121.154808
-121.541649
-120.91473
-121.60164
-120.763365
-120.550021
-121.772472
-120.285021
-121.327143
-121.176622
-120.842623
-121.389613
-121.972096
-120.550021
-121.28181
-120.707891
-120.971166
-121.551933
-121.387541
-121.25603
-121.225369
-121.180531
-120.979123
-120.668334
-120.352661
-120.797149
-121.534228
-120.86184
-121.270426
-121.444429
-120.994305
-121.459135
-121.489882
-120.74279
-121.70949
-121.230374
-121.131309
-122.224813
-121.568427
-121.346893
-120.78801
-121.125431
-120.599848
-120.742839
-121.450953
-121.912773
-122.012778
-120.706876
-121.578895
-121.610919
-121.397892
-121.239026
-121.923196
-121.915653
-121.908324
-121.832156
-121.89811
-120.845706
-120.795987
-120.994598
-120.693072
-120.964275
-120.863763
-120.829762
-120.721541
-120.802035
-120.25249
-120.055163
-121.034843
-120.64145
-120.481278
-120.435313
-120.140714
-120.962012
-121.444429
-121.20253
-121.444429
-121.183436
-121.335559
-121.428681
-121.444429
-121.044846
-121.444429
-121.277439
-121.709713
-121.961532
-121.961532
-121.444429
-121.444429
-121.480905
-121.448665
-121.467549
-121.452264
-121.495915
-121.440764
-121.446414
-121.437964
-121.497716
-121.442071
-121.440764
-121.402213
-121.385459
-121.322653
-121.423245
-121.321524
-121.25614
-121.531332
-121.497276
-121.514016
-121.523566
-121.526051
-121.522717
-121.603038
-121.440015
-121.444429
-121.353862
-121.359009
-121.366613
-121.444429
-121.444429
-121.444429
-121.444429
-121.444429
-121.379467
-121.444429
-121.444429
-121.444429
-121.444429
-121.444429
-121.444429
-121.444429
-121.370959
-121.360957
-120.829633
-121.996852
-122.168928
-121.406274
-120.834958
-121.383744
-121.753522
-121.367758
-121.273889
-121.934145
-121.111454
-121.120635
-120.64145
-121.204452
-121.840083
-121.684124
-121.799166
-121.801215
-121.220469
-122.290204
-122.221269
-120.924541
-121.188917
-120.853714
-122.057921
-121.777546
-122.567428
-121.259009
-121.265237
-121.582814
-122.032181
-120.898248
-120.95855
-121.117883
-120.87884
-121.724685
-121.128336
-121.908208
-122.053823
-121.767177
-121.599628
-122.210089
-121.096023
-121.848565
-121.803777
-120.887965
-121.084241
-121.391149
-121.347605
-122.327137
-121.58212
-121.417372
-121.572986
-121.55118
-121.707265
-122.095709
-121.017725
-121.318329
-121.869949
-121.754346
-121.148643
-121.572986
-121.314435
-121.47936
-122.431045
-121.337404
-121.101562
-121.80251
-120.77591
-121.094912
-120.79118
-122.243739
-122.292996
-121.612481
-121.681345
-121.737911
-122.456982
-122.3076
-122.279493
-120.932949
-122.278404
-122.11939
-121.128616
-123.034604
-121.82502
-121.687076
-122.875526
-120.80293
-121.56766
-122.316052
-122.368263
-121.200726
-122.135411
-122.429495
-121.973887
-122.942468
-122.390196
-123.010024
-121.471061
-122.491767
-123.23633
-122.824847
-122.58753
-122.699937
-122.209437
-122.936575
-122.46953
-123.421603
-121.499992
-123.167247
-122.525589
-123.448823
-122.722296
-123.071788
-122.311628
-122.977919
-122.410576
-122.837262
-121.215582
-122.13374
-121.436822
-122.112813
-121.911394
-121.864689
-121.503495
-122.067214
-121.57102
-122.196783
-121.916728
-122.473307
-121.134222
-122.042324
-122.1944
-121.449467
-122.201552
-122.581386
-121.841348
-122.936967
-122.204141
-122.334778
-122.340888
-122.171093
-123.03007
-123.235079
-122.494455
-121.960944
-122.427333
-122.118643
-122.686387
-122.025047
-122.956559
-122.408583
-122.1944
-121.86265
-122.440389
-122.387808
-120.640865
-120.640497
-120.111396
-120.132207
-120.595092
-119.485034
-120.727706
-120.20247
-120.727706
-120.021212
-120.727706
-120.244727
-120.506184
-120.179132
-120.507888
-120.40921
-120.285676
-120.554754
-119.832669
-120.367586
-120.542224
-120.326259
-120.404625
-120.626908
-120.371073
-120.664132
-120.423118
-120.405095
-120.719159
-120.612954
-119.506094
-121.58865
-120.79861
-120.282398
-121.022584
-120.066235
-120.178327
-120.107955
-120.083236
-120.131614
-120.19544
-120.068988
-120.039632
-119.995024
-119.999032
-120.0188
-120.042996
-119.967631
-119.976707
-119.998419
-120.186383
-120.407502
-120.64145